03 03
00 01 01
01 02 00
00 00 06|Basic,02 00 02|Basic,00 02 02|Basic,02 02 06|Basic
01 00

03 03
00 01 01
01 02 00
00 00 06|Basic,02 00 02|Basic,00 02 02|Basic,02 02 06|Basic
01 00

03 03
00 01 01
01 02 00
00 00 06|Basic,02 00 02|Basic,00 02 02|Basic,02 02 06|Basic
01 00

03 03
00 01 01
01 02 00
00 00 06|Basic,02 00 02|Basic,00 02 02|Basic,02 02 06|Basic
01 00

03 03
00 01 01
01 02 00
00 00 06|Basic,02 00 02|Basic,00 02 02|Basic,02 02 06|Basic
01 00

03 03
00 01 01
01 02 00
00 00 06|Basic,02 00 02|Basic,00 02 02|Basic,02 02 06|Basic
01 00

03 03
00 01 01
01 02 00
00 00 06|Basic,02 00 02|Basic,00 02 02|Basic,02 02 06|Basic
01 00

03 03
00 01 01
01 02 00
00 00 06|Basic,02 00 02|Basic,00 02 02|Basic,02 02 06|Basic
01 00

03 03
00 01 01
01 02 00
00 00 06|Basic,02 00 02|Basic,00 02 02|Basic,02 02 06|Basic
01 00

03 03
00 01 01
01 02 00
00 00 06|Basic,02 00 02|Basic,00 02 02|Basic,02 02 06|Basic
01 00

03 03
00 01 01
01 02 00
00 00 06|Basic,02 00 02|Basic,00 02 02|Basic,02 02 06|Basic
01 00

03 03
00 01 01
01 02 00
00 00 06|Basic,02 00 02|Basic,00 02 02|Basic,02 02 06|Basic
01 00

03 03
00 01 01
01 02 00
00 00 06|Basic,02 00 02|Basic,00 02 02|Basic,02 02 06|Basic
01 00

03 03
00 01 01
01 02 00
00 00 06|Basic,02 00 02|Basic,00 02 02|Basic,02 02 06|Basic
01 00

03 03
00 01 01
01 02 00
00 00 06|Basic,02 00 02|Basic,00 02 02|Basic,02 02 06|Basic
01 00

03 03
00 01 01
01 02 00
00 00 06|Basic,02 00 02|Basic,00 02 02|Basic,02 02 06|Basic
01 00

03 03
00 01 01
01 02 00
00 00 06|Basic,02 00 02|Basic,00 02 02|Basic,02 02 06|Basic
01 00

03 03
00 01 01
01 02 00
00 00 06|Basic,02 00 02|Basic,00 02 02|Basic,02 02 06|Basic
01 00

03 03
00 01 01
01 02 00
00 00 06|Basic,02 00 02|Basic,00 02 02|Basic,02 02 06|Basic
01 00

03 03
00 01 01
01 02 00
00 00 06|Basic,02 00 02|Basic,00 02 02|Basic,02 02 06|Basic
01 00

03 03
00 01 01
01 02 00
00 00 06|Basic,02 00 02|Basic,00 02 02|Basic,02 02 06|Basic
01 00

03 03
00 01 01
01 02 00
00 00 06|Basic,02 00 02|Basic,00 02 02|Basic,02 02 06|Basic
01 00

03 03
00 01 01
01 02 00
00 00 06|Basic,02 00 02|Basic,00 02 02|Basic,02 02 06|Basic
01 00

03 03
00 01 01
01 02 00
00 00 06|Basic,02 00 02|Basic,00 02 02|Basic,02 02 06|Basic
01 00

03 03
00 01 01
01 02 00
00 00 06|Basic,02 00 02|Basic,00 02 02|Basic,02 02 06|Basic
01 00

03 03
00 01 01
01 02 00
00 00 06|Basic,02 00 02|Basic,00 02 02|Basic,02 02 06|Basic
01 00

03 03
00 01 01
01 02 00
00 00 06|Basic,02 00 02|Basic,00 02 02|Basic,02 02 06|Basic
01 00

