1
1
05 03
04 00
00 02 12
00 00 06 02|Basic,02 00 04 00 01|Fixed
_
_
1
05 03
04 00
00 02 12
00 00 06 02|Basic,02 00 04 00 02|Fixed
_
_
1
05 05
00 00
01 01 02
04 00 00 02|Basic,02 02 04 00 03|Fixed,01 03 04 00|Fixed,03 03 04 00|Fixed,02 04 00 00|Fixed
_
_
1
05 05
04 00
02 00 04
00 02 04 00|Fixed,02 02 02 04|Basic,04 02 02 00 03|Fixed,02 04 02|Basic,04 04 02|Basic
_
_
1
03 03
01 00
00 01 04
00 00 06|Basic,02 00 02 02|Basic,00 02 02|Basic,02 02 06|Basic
_
01 00 0
1
07 06
03 00
03 01 04
00 01 06 00|Fixed,06 01 02 00|Fixed,00 02 02 00|Fixed,06 02 06 00|Fixed,01 02 06|Basic,05 02 06|Basic,01 04 02|Basic,03 04 02|Basic,05 04 02|Basic
_
03 02 0-2-6-8-10-14
