05 05
04 02
02 00 04
02 02 06|Basic


05 05
04 04
04 00 04
02 02 02|Basic,04 02 02|Basic,02 04 02|Basic


07 03
04 00
00 00 00
02 00 02|Basic,06 00 02|Basic,02 02 06|Basic,06 02 02|Basic


07 06
01 00
00 05 00
02 03 06|Basic,04 03 02 02|Reaction,06 03 02|Basic,02 05 02|Basic,04 05 06|Basic,06 05 06 01|Basic


07 05
02 02 06
00 02 00
02 00 06 02|Basic,04 00 02|Basic,06 00 05 02|Basic,04 02 02 02|Basic,06 02 11 01|Basic,02 04 02|Basic,04 04 00 01|Basic,06 04 02 02|Basic
05 00,05 01,02 03,06 03,03 04,05 04

